Return,Volatility,Asset 01,Asset 02,Asset 03,Asset 04,Asset 05
0.0012618821825786499,0.02028662637100965,0.16583300449653304,0.5137387272905064,0.019642485198346885,0.23065143511097203,0.07013434790364172
0.0017268942178751514,0.02367135261644769,0.13369291639041161,0.2555545760886373,0.20396085854259427,0.388128579439112,0.01866306953924463
0.001982080564921641,0.02734815803865957,0.010326628293994613,0.2718589786177769,0.0017207562070936009,0.5480485170151607,0.16804511986597412
0.0013036806904764965,0.019595971439156923,0.2630016153934723,0.3601704756180283,0.14468423702247205,0.19914132502287246,0.03300234694315501
0.001324656999622874,0.018581607770001604,0.33113680689476255,0.07864626155191703,0.20894852739869602,0.15413386247550187,0.22713454167912273
0.0014847208768885836,0.02059337815255505,0.463864927915177,0.1608762724686179,0.03993128669682672,0.23477356994674076,0.10055394297263763
0.001249810283291144,0.019117406046725068,0.6393615830112438,0.1497909538629642,0.008184677214273772,0.10426519119563556,0.09839759471588266
0.0013816158262950724,0.019253144259415593,0.3467742481251357,0.11906737829567961,0.04806220241630012,0.2014394039720892,0.2846567671907953
0.0015586034398778353,0.02113642817623543,0.15007277085758827,0.19055166780145238,0.14007000859700425,0.3099691823606757,0.20933637038327943
0.0016189106036349145,0.021370531234961132,0.2541419856369381,0.006136934486297984,0.32702390984193913,0.2742458282842494,0.1384513417505754
0.001281306174456066,0.018514361234529524,0.26037493376704984,0.0021281632938299306,0.44728398627858723,0.10789387063174723,0.18231904602878576
0.000778751951099873,0.01764990836907557,0.1216667148893171,0.512937819594583,0.2051631622877883,0.00015838772792135805,0.16007391550039024
0.001867962550562488,0.02462761476650794,0.12047657968111698,0.07079863379603202,0.31969310596145695,0.41579403835380846,0.07323764220758568
0.001572127567373782,0.021601883576223887,0.5296775765039801,0.11851285989827547,0.028128320701253717,0.25915915268809225,0.06452209020839846
0.001295304733796722,0.019623485778423395,0.02913876976421579,0.38455729027537555,0.29419458503366636,0.21821294489769474,0.0738964100290476
0.0012520284472125687,0.01873294564081246,0.31904482463311046,0.02296810809232239,0.459953714089902,0.08651522012841958,0.11151813305624549
0.0014583310472245758,0.02068281682703074,0.15892819122198168,0.30624455891324753,0.17789278003493278,0.2739807847828344,0.08295368504700373
0.0023508313330357915,0.0313915428712499,0.00536754452937282,0.027784569765785333,0.005981143840933138,0.68169016645605,0.27917657540785873
0.0011239287659971097,0.01758441927265051,0.4351545954789863,0.013038621446266704,0.2428572348439786,0.035575130141327536,0.273374418089441
0.0011030367299786135,0.01825317909735091,0.4455453886263071,0.08290643092713021,0.3774856607311836,0.01726375522153204,0.07679876449384684
0.0016941506867100846,0.023128922567676135,0.03981326876393277,0.22192905761417286,0.3265446933023975,0.3696800765451854,0.04203290377431147
0.0007234607171194805,0.01981369176459984,0.06117993939751638,0.7789031562221,0.020115107862487956,0.04119195937259868,0.09860983714529686
0.0011623389242905015,0.01871419773615046,0.0413465672494582,0.4012087822302632,0.3558758319077665,0.151711776912632,0.049857041699879916
0.001371864371469497,0.020242872055731078,0.6154221731223218,0.09284269681291676,0.13269626557658343,0.14031817600835425,0.018720688479823628
0.0010451271967223236,0.01752218864803509,0.04612538927970242,0.2106385237654215,0.2848435192554711,0.08313221303782876,0.3752603546615762
0.0015807042891953405,0.02181116117428649,0.19632688235243528,0.08939661951443398,0.4520532829267325,0.2620607577689416,0.00016245743745677381
0.0013167347649138505,0.01847305265950727,0.31694856921646414,0.06192095176371131,0.22735881227080948,0.14856056897445374,0.24521109777456143
0.002183376438703924,0.028687557589482587,0.08230730222772223,0.020452447619948733,0.04774376627793222,0.5887521068517922,0.2607443770226046
0.0009570464406914052,0.017090099592536868,0.15944026763416008,0.2344739930484867,0.2409391474697431,0.03393247935659243,0.33121411249101773
0.0010327641613680982,0.01720246444578551,0.37427926661010824,0.14336618304257925,0.14288712359541914,0.03329106304591267,0.3061763637059806
0.0018109572816080604,0.023710295912886894,0.32061647967698925,0.03235600173453425,0.17512901475719875,0.3706571502009136,0.10124135363036417
0.0012889547409175252,0.019700633241253783,0.038009401834168705,0.402191148926852,0.17560307645720166,0.23043919898417708,0.15375717379760068
0.0017304872909123113,0.022878450416549515,0.0030495046836138697,0.03675559709699178,0.17460954075421897,0.3865988155646945,0.3989865419004808
0.001304391164201595,0.01915250175508852,0.46030462095504027,0.14726608816551556,0.19246585432718652,0.13496443947745576,0.06499899707480186
0.0013077638309265394,0.01971225671329752,0.1516196761846262,0.3879608625438633,0.10886567748873861,0.22673015720326525,0.12482362657950673
0.0010190665018148589,0.017451104799283045,0.044589389839193534,0.32209964393062057,0.40884856056985036,0.07098387325400723,0.15347853240632822
0.0011415964356367076,0.019267514619434375,0.09459534465847094,0.03216458607099001,0.7858286442403685,0.03549114620205952,0.051920278828110976
0.001112044295863949,0.017340574696333984,0.3337939664650157,0.08315399012881813,0.2680566988495128,0.052463640096611065,0.26253170446004237
0.0017973374210527473,0.024004462360837225,0.07976887612378933,0.04737979064842895,0.4689832997663706,0.3699867686121472,0.033881264849263903
0.0012209129684138055,0.01812778458647249,0.09935887477082317,0.11527086033049948,0.4964407230328334,0.1153555859938908,0.17357395587195315
0.0020010290585114818,0.02661572956703381,0.0811161840371898,0.00032821060407827894,0.4570200571686315,0.45598490648949097,0.005550641700609309
0.002415887072775552,0.03277875974862727,0.06865754995072751,0.10651171371248425,0.10177535927628245,0.6989300629948744,0.024125314065631405
0.000862703097552539,0.017085166450180978,0.09192023713637622,0.3542155439808967,0.31139183766227685,0.00948279399991467,0.23298958722053556
0.001172705472152627,0.018672483288644574,0.06869246678721475,0.34003862342949587,0.13516173008478352,0.1707004961181297,0.2854066835803761
0.0009754449573649099,0.018301574424706916,0.6224183057034789,0.331683765030807,0.013426523522398866,0.007181057026445518,0.025290348716869797
0.0014441915045740946,0.02106410744090299,0.06247928036790074,0.37427581557546313,0.10591032886728743,0.3004877834040422,0.1568467917853064
0.0025467189449230967,0.03465288262136261,0.01859738291023083,0.07859225622772127,0.04833490936552524,0.7681624188829139,0.08631303261360877
0.0011419415445444402,0.018613365023408095,0.31412414804093225,0.017201589853981493,0.5556471694767433,0.02603932670842022,0.0869877659199226
0.0013111917000441602,0.019494000120376814,0.4944388344037578,0.026936100729899413,0.3157568897101291,0.1024401395394412,0.06042803561677253
0.0013213941178631297,0.020499005007544795,0.017467851354679965,0.4510549068577049,0.10034673282507857,0.2634306930789644,0.16769981588357205
0.0007634515977125808,0.01916094832701948,0.1543763726577094,0.7177470327458761,0.023959917851539198,0.0357834109305121,0.06813326581436303
0.0012005987229466517,0.018947120708645494,0.07442590152283893,0.3729445143626193,0.1261273547846895,0.1874546186831097,0.23904761064674254
0.0011099786194003728,0.018399396537739886,0.3340413789401058,0.3676878198542393,0.20183808501412023,0.09549279168045835,0.0009399245110760151
0.0012226932946470832,0.019210112671799263,0.12730609535669296,0.4052736673545377,0.28547428711573725,0.17372173196410023,0.008224218208931893
0.002028576952138557,0.026488672043613586,0.36478229928739947,0.01067903512610937,0.02529692480671032,0.47574147938995515,0.12350026138982557
0.0012567277373806852,0.018474346627328032,0.15300269610761097,0.1404819413718644,0.15724142625724885,0.16662032135525234,0.3826536149080234
0.0011424143554695965,0.018287689627789826,0.028682748649520848,0.330874170236813,0.22682124179338276,0.1514784160828874,0.26214342323739603
0.0020629211769685814,0.027176353499102992,0.004405407157054616,0.07065559874387672,0.15316585967147603,0.5413352476697733,0.23043788675781945
0.0012188055573193464,0.018681135840798675,0.579485486346355,0.12670226903512963,0.09610993057176301,0.08661166597618006,0.11109064807057221
0.002138042441244719,0.028772088052625454,0.0329750922659826,0.1610327757631558,0.12430949048024574,0.5851077755750494,0.09657486591556669
0.0013588768306171226,0.019550053258910724,0.21828190112156162,0.2815209548745998,0.107303988506926,0.22546659444712283,0.16742656104978962
0.001602427337550122,0.021285213302612,0.12594178673091488,0.037790958157693406,0.41697025545016736,0.28075915167168064,0.13853784798954363
0.0012279448006296424,0.018845314036310973,0.14038402011155385,0.15280447378120499,0.08131224779656591,0.16651679873294697,0.4589824595777283
0.0020719615601540622,0.027222385114640008,0.1400531973903155,0.05521766010772559,0.017687004447133038,0.5378315933094896,0.24921054474533647
0.0009093647039953582,0.017439864395128506,0.41334021048977415,0.3398808654279403,0.017915065061303068,0.01193152224980477,0.21693233677117751
0.001008419508076736,0.017362887323309234,0.46776420200470453,0.19955244607400865,0.14488368046149203,0.014258950141066035,0.17354072131872877
0.0014659853728598452,0.019917343619455238,0.05593417458573206,0.1267399401563395,0.30821094199714993,0.255593650281059,0.2535212929797194
0.001196450738350468,0.01849785128335304,0.262572621120503,0.3195716870430184,0.21466392367245138,0.1378934262971718,0.06529834186685532
0.002022109121658686,0.0270112666969771,0.004367352819795168,0.11763088003524502,0.3218899174839054,0.5088344571010787,0.047277392559975755
0.0015702914161339146,0.021714594790309488,0.1261421084453971,0.06155562863097918,0.0015949370856993327,0.31933675439105064,0.49137057144687374
0.0018258782992469792,0.023914650805515345,0.2797774191926293,0.054326562757697934,0.17337128102823726,0.3868774799077868,0.10564725711364858
0.002480709904597181,0.03320904183362263,0.030485525853896227,0.011170132979551986,0.021383728855320073,0.7315435071138118,0.20541710519741996
0.0011696759807268112,0.01825299812493855,0.49080688682748735,0.1651427349917054,0.17144839241007334,0.07482934822834361,0.09777263754239023
0.0015197372755521483,0.020557870145309607,0.36286177723844953,0.12462265878289738,0.09624427521079203,0.2552879614735764,0.16098332729428477
0.0014124240067245556,0.02020024602563335,0.048794209382819906,0.14101790746741635,0.11168061998282522,0.25830989739336885,0.4401973657735697
0.0012693038841944137,0.018304175499303316,0.4024743451362744,0.02060621114669453,0.25043897818613114,0.10564637497009326,0.22083409056080663
0.0022714297383423835,0.03082886033105725,0.051346501516500186,0.16066883423287318,0.10035498672797472,0.6443985548024419,0.04323112272021008
0.0012462410747747243,0.018700745541691877,0.012118939420487156,0.2882726285996773,0.2901409150608136,0.18739370530610244,0.22207381161291959
0.0010020091664846313,0.018531388253587373,0.13575306070793,0.41436762874323946,0.015915077905573165,0.10759987644016286,0.3263643562030945
0.0009753503069311057,0.017273196825918376,0.0991955914110755,0.2839570844161789,0.2527881870833609,0.05663535801559364,0.307423779073791
0.001163830940557553,0.01778087744302752,0.018979007224238918,0.17751119817218197,0.45840149739947694,0.11533212601850502,0.2297761711855972
0.0010940786341457585,0.018510336535721702,0.14351971158979604,0.3592531399387854,0.042390859830495585,0.13720052399816218,0.31763576464276083
0.0017399156140447554,0.02337728386022825,0.2710262667271158,0.15968727748786754,0.16672341687706774,0.3641359387436036,0.03842710016434518
0.0008914179934931819,0.01729459070887273,0.14418438366341346,0.31299417752988934,0.18875324638300053,0.023370427725040843,0.3306977646986557
0.0011699243900311672,0.017582600952629517,0.22011892595998445,0.0014758382421196266,0.40830996887710674,0.0693651946348925,0.3007300722858967
0.001453295052266406,0.02040713498531824,0.38806508303540765,0.13701644500753896,0.2373854533410359,0.20623844052725898,0.03129457808875867
0.0018284779454041857,0.024187124311306596,0.10510380332009668,0.05574187837645395,0.026068617738913055,0.43406042214201934,0.37902527842251704
0.001269704588053894,0.019037666115554675,0.27218980823471595,0.1882638149301501,0.3859810875510902,0.13176008093782338,0.021805208346220354
0.0022329577337538305,0.02972618530546071,0.0618944689362039,0.03082831235395119,0.2997617464261933,0.5851564247911055,0.02235904749254627
0.0009356943282423803,0.01736772694982364,0.37581208364740787,0.3531085163358893,0.10387719845396583,0.02105197917685399,0.1461502223858831
0.0010077868817151038,0.017879380017232088,0.499416959350922,0.30376319913245087,0.11844583841442763,0.025250758649534688,0.053123244452664795
0.0013020804582912341,0.019241417772783383,0.24772543015285053,0.09589956150594489,0.004020085870970359,0.18432775634491036,0.4680271661253239
0.0011599700721424905,0.01755691089128322,0.19364527625364744,0.12969456474039753,0.363897991518691,0.0907703980739283,0.22199176941333576
0.0013055989719775465,0.01949842152106971,0.24306158951639736,0.11694648898429655,0.49666464748782807,0.13011073939792978,0.013216534613548166
0.0012810366411056431,0.019109057361749282,0.6184402362759026,0.06873265575845322,0.08237653567241297,0.10236577638654336,0.12808479590668798
0.0013440268711601045,0.019195091308504414,0.052286472429243606,0.010866852036300327,0.6148300976277201,0.1503341695634236,0.17168240834331228
0.0011552813931250028,0.01779220260603054,0.1512734790844099,0.23028423934663467,0.21917339625920518,0.12563859555148518,0.2736302897582652
0.0015194587363180044,0.021040025351645352,0.07641444921648916,0.17686522424739154,0.42879909671956823,0.2679703605030783,0.04995086931347261
0.001269093039945914,0.018784073274542606,0.16850394624147735,0.18800467031628337,0.43043012120799595,0.14281981408014413,0.07024144815409913
0.001345603037956319,0.019673236717099165,0.20814768710801435,0.31960778029469594,0.07340564154979867,0.23008321954121203,0.16875567150627918
0.00127060883946157,0.018704878179171804,0.17099056415063743,0.1606736020358438,0.44165933524068873,0.13828392045972787,0.08839257811310207
0.0010954581013889679,0.018442525213998764,0.16942697833799672,0.16981666946207594,0.5970258543072227,0.04300110311195957,0.020729394780745133
0.0010832337756562934,0.01806371393408926,0.20297995396689836,0.3927558397114734,0.12059258463243878,0.1176341431911877,0.16603747849800185
0.0009131247378919733,0.01820034673060876,0.1357709942289011,0.35899465239028205,0.050199022172044055,0.05687075469783141,0.39816457651094145
0.0009030396190394695,0.0177954666475497,0.02138084953941099,0.44795203220839575,0.46373241981663743,0.03238014374149929,0.034554554694056654
0.0008733981298036732,0.019853855922246935,0.008989101055398678,0.20101194024673635,0.0795833131424217,0.036064891305656314,0.674350754249787
0.0010576486929355891,0.017440237607643665,0.129514041440058,0.07306420413746985,0.29016167396208725,0.05721330187642453,0.45004677858396025
0.0014246845841180042,0.02043030659064709,0.5020358288711175,0.21120853483513494,0.041717477111322565,0.20803880348332357,0.03699935569910131
0.0014029349131318527,0.020018305378487793,0.47822843872767146,0.1766861039491015,0.09513125119388162,0.19139577323743984,0.05855843289190546
0.0021832899902574383,0.028736965681819458,0.26697810668801,0.030357920333189077,0.03240779444878648,0.562055767460556,0.1082004110694585
0.0015946400449844676,0.02344805507921654,0.02032118149622914,0.4558621249628603,0.05960347015096248,0.39019523113202176,0.07401799225792641
0.0016121728715772269,0.021516611948288245,0.14684271705205687,0.14516693932758998,0.22007425899562574,0.3189911573454271,0.16892492727930025
0.0012291465263056616,0.018691613459084187,0.2457837517936004,0.2985615943563372,0.04922418256879618,0.17238341086608375,0.2340470604151827
0.001039949399908511,0.01852591106232998,0.15019028596257716,0.49511808768155946,0.08144558584244324,0.12452539640212454,0.1487206441112955
0.0012880921956058438,0.019110560413089443,0.5524967741761866,0.010906539242589844,0.2245291276497058,0.09172864545988073,0.12033891347163696
0.0012867148900927404,0.01964874337715946,0.06220645833634517,0.4051385626515272,0.25087822505437984,0.21687011499197556,0.06490663896577212
0.0009413485961801687,0.018099210460810186,0.03604051399387446,0.3853342824798689,0.1503480301663575,0.07681296803176245,0.35146420532813677
0.0008918549542882313,0.017269808857350185,0.1056244269257852,0.24385157974441177,0.24523157302719403,0.014235243935843024,0.39105717636676596
0.0011415879650754253,0.0181082213821763,0.2995206866560893,0.2746501141447133,0.275223680101011,0.094535065880358,0.05607045321782825
0.0020389315547199253,0.026915789384378795,0.2960848723762601,0.04307631081537088,0.14472797883563127,0.48117347544457145,0.03493736252816634
0.001633943200927341,0.023460708512125953,0.046873504525609615,0.4039471406877026,0.09273423579677913,0.39286932893275833,0.06357579005715028
0.0011877244984417022,0.018652987908066427,0.20616779599760035,0.2439184053442524,0.4354953304011305,0.10697690474943307,0.007441563507583771
0.00144143757797714,0.020908238448739926,0.07093360808070083,0.3368794456683855,0.07439560117924249,0.2969502880788383,0.22084105699283302
0.0012754656970271408,0.01889917278991955,0.2584294424748764,0.2284720252644731,0.022310033682260283,0.18533762644817328,0.3054508721302169
0.0010491465483328949,0.017062623931924033,0.23178124836013478,0.08499542495701976,0.36097360516382443,0.029949564057525854,0.2923001574614952
0.0014946809233100438,0.02145953263444368,0.3479500167031307,0.3322507387872058,0.0201227761037797,0.2819694086155985,0.017707059790285418
0.0013784224362030926,0.01920879344989153,0.23555770570602552,0.09000084138463432,0.3607228260498259,0.17668343862902763,0.1370351882304865
0.0024180175870862674,0.03228394452885693,0.06999992257898342,0.02207633151651078,0.13742612844417357,0.6846862718275903,0.08581134563274202
0.0013129391920655292,0.019914107807212263,0.5701954552853636,0.04646348548680139,0.26936771614099625,0.09905968981824018,0.014913653268598639
0.0009244409713373251,0.01778129214452538,0.48986724108849866,0.38724601148598586,0.034192838905514965,0.010358866265322102,0.07833504225467844
0.00179810451929633,0.023344494296986328,0.19037784037323735,0.019333753863931304,0.2602640926043642,0.3740367809916091,0.15598753216685793
0.0013335302623517975,0.019133045229666447,0.42148051175469775,0.18910637716841844,0.04222423667731312,0.17755314935184438,0.1696357250477264
0.0010098520452838714,0.017564987761641615,0.10504925589321344,0.37753157207383803,0.25846683483434263,0.08222855988752771,0.17672377731107822
0.0013952345141372959,0.01961186249573573,0.00270525404054649,0.2095254050025803,0.3298697036868023,0.2405344153457334,0.21736522192433752
0.0011260421767504054,0.01907128170001331,0.020993992151786406,0.21499796937816631,0.10624755530648457,0.14523961551075984,0.5125208676528029
0.001469044978387686,0.019728601509784144,0.22707123566624746,0.06094792988663826,0.27363892043573357,0.2252050811033057,0.21313683290807509
0.0009930225197116375,0.01797422029374378,0.2411406824003413,0.460285659708281,0.17539998553971162,0.07326559684098413,0.049908075510681736
0.0013636176612187108,0.019152755573568776,0.24116310580652373,0.19062750962257896,0.16492281775444825,0.20545742612280074,0.19782914069364843
0.0008782609038975766,0.017637509280680305,0.209811594508944,0.4647544870416192,0.2818821571755825,0.014962043673516582,0.028589717600337673
0.000958968952513339,0.018307739626829345,0.20014119106981007,0.012133846836267807,0.1624348871365523,0.0095089327292863,0.6157811422280834
0.0013886631848356425,0.019360768946896752,0.07640126814398158,0.0032741996977648197,0.5617728512210143,0.17174664087916117,0.18680504005807821
0.0011098219413363639,0.018227269779443868,0.3863212532829964,0.3099610824363973,0.20101100976577455,0.0797886055911977,0.022918048923634058
0.001683258019785198,0.022162939978278187,0.35424942069249826,0.048303076234278326,0.14949597515494903,0.3134532262224657,0.13449830169580862
0.0011336088171543862,0.019512108540837056,0.09305084025216799,0.4890313934859119,0.002479579808234624,0.18417183819033695,0.23126634826334852
0.0012468202031598345,0.018186107025672096,0.20315207718649528,0.08520791947501942,0.42050761124675495,0.11549033687975296,0.17564205521197726
0.0018712315288862804,0.025555699203280047,0.08425311330059884,0.26308631670175364,0.08144026466503271,0.4760677675515679,0.09515253778104689
0.0009192460574367555,0.017793445620882226,0.2638960200187409,0.25052374807385297,0.031745473948074907,0.027434810636822005,0.4263999473225093
0.001272663339862182,0.018890181304797006,0.2213103503773013,0.30178588810062457,0.12518030912662773,0.18699223711942817,0.16473121527601844
0.0009108564564911254,0.01779031257221915,0.020483202362622795,0.40628968667281,0.21620419409814332,0.060476431394338434,0.2965464854720854
0.0011098122782620845,0.01735959783014196,0.22232462895954122,0.14540453222275848,0.2320635328519432,0.0816382354031104,0.31856907056264683
0.0018492195875626112,0.024255276246435274,0.2340053151721511,0.058317508869621004,0.21749523821029804,0.3998530838793303,0.09032885386859975
0.000997523352986739,0.01725220762809352,0.10080042789849353,0.2152026961075554,0.2703294058766306,0.0554393438668504,0.35822812625047
0.0008732920996403117,0.017905692299643935,0.06125087877379574,0.25638970737123823,0.18961997190179336,0.02138658176393638,0.47135286018923633
0.0016582405452317851,0.02192336406805032,0.019854746804272586,0.09743855628596748,0.3251071215394998,0.34130746660370836,0.21629210876655183
0.0009479384407358941,0.01892758912390337,0.09892638126765536,0.5590158144723435,0.018562631907515083,0.10744662355078577,0.2160485488017002
0.0012698994421534604,0.01910795247117989,0.09811458708640662,0.14726858309878627,0.5727837345369529,0.13225532295280082,0.04957777232505339
0.001267315066366089,0.019051052294487246,0.25585658348826007,0.1699715113180109,0.4253088396538588,0.12628490011995716,0.022578165419913164
0.0014191748014705935,0.019624227574488815,0.3965785271540523,0.12795637544942176,0.09868872390631647,0.20518746239210875,0.17158891109810082
0.0012256048398483004,0.020071206911090735,0.11887304763775547,0.5341310445549784,0.09392574208841822,0.2157136058918316,0.03735655982701624
0.001739366335690723,0.023269440677318384,0.27582816933047294,0.12600208217082168,0.2047277518444844,0.3542848750957851,0.039157121558435884
0.0009285142391621468,0.017494370414325562,0.40681167345952846,0.36544071542851075,0.12927051535916761,0.011368902953465484,0.08710819279932788
0.0012770288710591982,0.018448269965833885,0.0009277403786841542,0.14552405026383752,0.38559191601493975,0.17336435141818238,0.2945919419243562
0.0012174838433953918,0.01857923861537287,0.5197891544195951,0.07791528669166264,0.21779957290242277,0.07483994423887615,0.10965604174744345
0.0014328503743977607,0.021462306699342466,0.016394049763913544,0.4363730488773794,0.09602734778078631,0.31191255418647784,0.13929299939144307
0.001625611482140553,0.02228173838447682,0.12389288859025412,0.06088996827563093,0.5216271652124368,0.28176533310720825,0.011824644814469943
0.0025166108856831296,0.03414289062685009,0.15770893475515524,0.06353383226769291,0.03767372507725024,0.7317104263468845,0.009373081553017018
0.0009058557576040057,0.01685940188202222,0.16659935399966122,0.238545484052049,0.30901937638360866,0.002310094017957561,0.28352569154672347
0.0014301116872999812,0.020127996453635423,0.351775845217251,0.19330605677363044,0.1860805487017491,0.21505184777263212,0.05378570153473731
0.001257170281582573,0.020153968837442467,0.026386557828504957,0.5074982846801879,0.20855624588517144,0.2275288083693804,0.03003010323675535
0.001779065426855042,0.023295513393305874,0.05936361263583109,0.07202008349037509,0.3088779381109177,0.3874953374558159,0.17224302830706048
0.0015941933685040648,0.021975335072010407,0.1192148037401639,0.21506783744484884,0.025568188802981878,0.3476592399077196,0.29248993010428576
0.0008389169320240718,0.01764034041577173,0.02042314673784819,0.2748505134793893,0.26764548066948385,0.005613732744112328,0.4314671263691663
0.001836731911211587,0.02452401564710396,0.2740381527874837,0.16282623638779817,0.05849824052053239,0.42018109563452416,0.0844562746696615
0.0009339458796799715,0.01808728904739045,0.16201900555150517,0.47718978524662986,0.06815703613013092,0.07472599366621885,0.21790817940551527
0.0010731978960270205,0.017710626854921214,0.3832702266409272,0.014694043538797377,0.10099764070735406,0.03859346922736849,0.4624446198855528
0.0011030755652804353,0.01893192503844303,0.661220391498744,0.0792640030926626,0.21546156899067664,0.001539547533714153,0.04251448888420286
0.0009589018576929968,0.018934031238655686,0.05776938712026273,0.3908283928307774,0.027760198450520517,0.09655824696343747,0.427083774635002
0.0010254725957112459,0.017610216666588602,0.035014631586793916,0.052752909002707286,0.6747447376281878,0.009319019301990236,0.22816870248032078
0.001347721065390241,0.019780698584913853,0.025075355574987624,0.2103599025550386,0.5404223119896926,0.19056838609782184,0.03357404378245946
0.0011055865501038214,0.01767155751408023,0.004835977640867776,0.2194385223141823,0.5049902833539236,0.09137639028260182,0.17935882640842454
0.001025185541163715,0.019434926176249784,0.1370695359868591,0.04853864406686904,0.0603449517174432,0.06604626903922706,0.6880005991896015
0.0007999466402481384,0.017913597343419078,0.26800239029115247,0.537684859172671,0.05962966152399678,0.006643927166028102,0.12803916184615174
0.0015759900679121956,0.020962130296504098,0.212910677195674,0.1108311881990835,0.15273739179738624,0.29597183818926986,0.22754890461858637
0.0012917719638157485,0.019038583917941193,0.33968960520385616,0.033361975859081024,0.43057737221623393,0.10573923972547833,0.09063180699535055
0.001637804698471353,0.02243135457292627,0.12724699820280422,0.20915080541199685,0.31290483749765885,0.33051350089340276,0.020183857994137248
0.001491273366671967,0.02101710580069532,0.44715961513636343,0.1868636107116261,0.12636735478968558,0.23328793571718454,0.006321483645140586
0.0012048142069909216,0.019029665613200415,0.25389416661941344,0.08485644302714447,0.5634562032467814,0.07137998838386038,0.026413198722800377
0.0011006239011593913,0.01866414384049354,0.12190265530814214,0.4539768195227171,0.09328283204386886,0.14947877895047876,0.18135891417479305
0.000926976999216569,0.017356002090025476,0.18066014794140314,0.35522815630317683,0.37925278725948874,0.015789220282416895,0.06906968821351431
0.0015458688981969241,0.02119806760856504,0.05597287216874128,0.038476766987742717,0.11638330762501117,0.30304691026420016,0.48612014295430467
0.0010612893534884436,0.01763847371341047,0.1107794057585432,0.325508711989065,0.3640221310474256,0.08494596722563667,0.11474378397932963
0.0011816292283938804,0.018904549302614083,0.15265871845013512,0.33926262914345023,0.027869971674463707,0.1739415488113203,0.3062671319206307
0.0012499138285760848,0.018059511250042133,0.2902038653843499,0.07507969909972284,0.1762826601775107,0.13090810496283994,0.3275256703755765
0.0014603612071236501,0.020932480429246458,0.17960278671093263,0.023689413576483635,0.5980936938418359,0.1852772722598395,0.013336833610908256
0.001271664619929546,0.020057756673969196,0.05417244699382785,0.4536607943140494,0.078791425881398,0.2382845816319121,0.17509075117881268
0.001309922353574288,0.0185307352433091,0.25160509038604006,0.05473928411312357,0.36547013947204665,0.1385481333131933,0.18963735271559642
0.0008009118378981817,0.018145428859672366,0.1094054500701959,0.44563115958038757,0.08392024219991884,0.01805170927493909,0.34299143887455863
0.00091721797765183,0.018340252621422557,0.18655055380384208,0.5526703265656663,0.058892687752316424,0.07399348566361591,0.12789294621455918
0.0008228187006238259,0.019178788411569597,0.015920590723185985,0.5562129082203872,0.03736887675291137,0.06247055263011184,0.32802707167340345
0.0012962200517011584,0.02005758323531218,0.14315297045999473,0.4435156158727616,0.05486720729318101,0.23647621929796384,0.12198798707609895
0.000858221760717815,0.01798936798319975,0.22584349482976415,0.36357628263237307,0.011813090163830897,0.023093895609331175,0.3756732367647007
0.0010286247411330671,0.01785922510046164,0.5032247221669622,0.1781976207096582,0.23997816011482562,0.0034141838389612875,0.07518531316959251
0.0015658188705390897,0.02078379232033462,0.44764490859201633,0.006334119516987494,0.06514879270867378,0.2509120214651728,0.2299601577171496
0.0010860224152688877,0.018013872555526167,0.15124822367659121,0.2877085664850346,0.10518461293319148,0.11576065419752332,0.3400979427076595
0.0011826324482493017,0.018384506775864642,0.029215059695713044,0.16389578640645913,0.22476767713160503,0.1484097048852856,0.43371177188093707
0.001078947952569692,0.017694816944475764,0.5129707583479814,0.17597670973833585,0.09632902372251854,0.04124176654610702,0.1734817416450573
0.0016032027231893905,0.021743405912410835,0.1788121431736119,0.2016145763273914,0.07489358260249286,0.33443881478266163,0.21024088311384226
0.001458633057648851,0.0206693030728921,0.2204614961043418,0.2926267393924976,0.035154048419407856,0.2796291795245726,0.1721285365591802
0.0019371546941868868,0.025410202819699027,0.08684882576240686,0.043441481549670376,0.05676005291887769,0.4801667766727638,0.3327828630962812
0.0017348733703533871,0.023539818987961026,0.06301416245139309,0.02585606341722037,0.00373141726349973,0.3980449754137707,0.5093533814541161
0.0013692183846281832,0.01926636392190974,0.42794756742314266,0.13731692463802864,0.08181453058164821,0.18109280226833327,0.17182817508884723
0.0015361930894596616,0.021314070477825187,0.2416739649597369,0.12648432859275374,0.38149225978727164,0.24810224473473164,0.002247201925506032
0.002045972558659025,0.02741192779458103,0.015172798939721309,0.16051839898701167,0.16632825497867412,0.5418484364653736,0.11613211062921915
0.0012334582050898563,0.01943384526619828,0.018565984965824418,0.41602399932273587,0.15836960427150373,0.21267334123819567,0.19436707020174052
0.001928472822487221,0.025423780763037192,0.02300343660459944,0.09968535727523482,0.15710855738870408,0.4816499929829122,0.23855265574854928
0.001394962718124146,0.020213217294067137,0.1865447390883091,0.336249241509986,0.15097102314810495,0.24833797856524542,0.07789701768835472
0.0010663894757421697,0.018773267484417513,0.29867191120185427,0.5059761129166901,0.07852064538961101,0.11410567411661576,0.0027256563752286835
0.0012687695979015216,0.018706154572028285,0.2938793757612969,0.02178857455143444,0.06006603775569727,0.1459326018403687,0.47833341009120267
0.0016364769976607925,0.021413960391404953,0.3195368334866554,0.02392644310567853,0.08581028757215318,0.3027735432115017,0.2679528926240111
0.00152257649040891,0.021340235260648894,0.07367185329736675,0.29735302114747003,0.21889773411969524,0.31028279946272125,0.09979459197274669
0.0010121718560343964,0.017027398352285505,0.20431647460038538,0.13027250802664467,0.2827865386275522,0.03303354614594999,0.3495909325994679
0.002038752787715824,0.026808986786658228,0.012025204514599422,0.06401825432536769,0.27103919830553863,0.514336168429341,0.13858117442515316
0.0011339991360976272,0.018770527498716143,0.21676333387007504,0.45039871598699194,0.1782994824518781,0.1383920153930954,0.016146452297959458
0.0011043645894913557,0.01987238711185781,0.08094975050514783,0.11925355064530388,0.018665499057737466,0.12432301153106705,0.6568081882607438
0.00140047433870253,0.019432901955154985,0.19393203754182275,0.13727098069570629,0.3333694990677771,0.202486628034008,0.1329408546606858
0.0014976890165522814,0.021109338075401503,0.01369021537094184,0.21731416540349585,0.47328397735226213,0.26815580482748974,0.027555837045810456
0.002247435496010938,0.030213117593366517,0.23760871518166832,0.10877797836940117,0.03198030986266313,0.6053440317942205,0.016288964792047073
0.0012970426325320682,0.018410812261678115,0.35717137099750434,0.08563541060606887,0.16223513089460795,0.1441366274944179,0.25082146000740085
0.0010900298519772515,0.017441895913703286,0.23739476992092057,0.2426489838527405,0.27919520649471896,0.07704848380098323,0.16371255593063677
0.0019850969074774938,0.02579094986081713,0.27788306900519655,0.019217831299548422,0.06667400602595845,0.46648365201111686,0.16974144165817973
0.001332209678559233,0.021010917789255727,0.0715609388542932,0.5261968631251717,0.13225492203445646,0.26521393394181036,0.004773342044268288
0.0012052407672583966,0.019438631322749495,0.07286394951236354,0.07103348262359249,0.7492485063943957,0.07666142116305434,0.03019264030659397
0.0011377206336932184,0.01774991783254991,0.3647465312703932,0.21342253104764597,0.09051975387623369,0.09674517039544081,0.2345660134102865
0.0011314200701601916,0.01771542679538055,0.3221779501826895,0.24411393977660034,0.16191966169734562,0.09610386499369863,0.175684583349666
0.0012118643079669675,0.018321056314759238,0.49349938709263813,0.16840285136110378,0.021724149781747956,0.11159382011719154,0.2047797916473185
0.0008827581922993264,0.01766877601169416,0.2933964453062396,0.4436050885836268,0.04325492368406618,0.029495359784744404,0.19024818264132287
0.0008388047417910756,0.02008981282524205,0.0062942690854828785,0.7801125468496393,0.051723407492205206,0.0977710502848471,0.06409872628782555
0.0012003101355216536,0.01867179101958567,0.07075771236762039,0.3498395925366718,0.34905813150566245,0.1582016443622963,0.07214291922774882
0.0010568261936712501,0.018223574005225545,0.6362216177310172,0.2020643822814144,0.05209239785712161,0.020148148548013153,0.08947345358243396
0.001861721736134084,0.0243884644885095,0.2597656041835978,0.04789467456333701,0.19927943844669188,0.4021407311122881,0.09091955169408512
0.0010765856967925153,0.018831336273990508,0.15120627891242458,0.507880150087738,0.0656111855928202,0.14420053439399017,0.13110185101302704
0.0010448788735103345,0.01770319365808119,0.1874317328176012,0.041226517579932426,0.21328357176679533,0.04739959278561183,0.5106585850500593
0.0014578057400111278,0.01953591528510514,0.1257572206506722,0.024825947574065567,0.3483662724680549,0.22296846257188865,0.2780820967353187
0.0009141746194556387,0.017988116193665936,0.14689890122083218,0.5237489940075605,0.2335019921340271,0.054381456205115905,0.04146865643246425
0.0007863614675481996,0.019754391643894757,0.00922803459599391,0.6777345183561899,0.003867547020894984,0.06672338869257907,0.24244651133434222
0.0012824289559576537,0.018711899796241563,0.2715379112050169,0.10673147655179743,0.39435313585701726,0.1262024346409198,0.10117504174524858
0.001166943442409731,0.017814406490876074,0.25186612501746447,0.19215886487835201,0.31520643055295616,0.09825726670737162,0.14251131284385576
0.001722708208278371,0.023503850647662878,0.1975649822387754,0.23733342597269774,0.16070070878024806,0.37886364136707606,0.02553724164120255
0.0008072812691671225,0.018455927800759147,0.2439631767921355,0.6161756146676769,0.022906036737050557,0.028137201860498666,0.0888179699426382
0.0011114135984791594,0.017297186322387217,0.27373923935107286,0.05323920579789527,0.27917119148458114,0.05673516128859042,0.33711520207786033
0.0017027184139735874,0.022742011749429206,0.013936331175021646,0.1257020887648132,0.16432582906003243,0.38497427892196917,0.31106147207816354
0.0013518005355400943,0.019603872165457736,0.48709129144288366,0.028991621400568598,0.28206803209430925,0.12602220669759082,0.07582684836464769
0.0007720941935530602,0.019200268864323387,0.13615469614732403,0.7340549302660381,0.06943019384057299,0.0391702649670169,0.021189914779047903
0.001386565879103286,0.020458974215335362,0.05833437360086379,0.36969158954640824,0.29456302090734227,0.2522349644359967,0.02517605150938891
0.0010058383089998017,0.019110381663941866,0.1967882143209316,0.6083579085087697,0.051785971924699165,0.11972648129439512,0.023341423951204355
0.0013107478036182784,0.019321489702494248,0.2383635694807921,0.26686943720889383,0.28816320036472176,0.17720227223743415,0.029401520708158217
0.0010988911799037768,0.01755852883331602,0.30253454377610767,0.22749611300083047,0.1142668498670189,0.08840073317944235,0.2673017601766007
0.0012782789378964078,0.018603560128356095,0.2277581670157175,0.14092943097695088,0.3830521143886149,0.13709647180358903,0.11116381581512765
0.0016979972551216052,0.02298664865989828,0.07283786417875562,0.2044922127134709,0.09537521893392636,0.3916439944055389,0.23565070976830815
0.000987813910720489,0.017732199942744158,0.08742407067220911,0.2528062327589925,0.5784657511005178,0.021002623410939985,0.06030132205734062
0.0009100806802620983,0.017169060211971957,0.16454274804215668,0.3727837235101594,0.27111216217891976,0.026077941333093498,0.16548342493567064
0.001335935347448277,0.019393147599901194,0.21682575007398217,0.0010494322918698376,0.06705513481621748,0.18480119820949698,0.5302684846084337
0.0014637106991596423,0.019563966910108536,0.16699598828183163,0.00961289771140805,0.3421155851772978,0.21777891780107964,0.2634966110283829
0.0010226458474919757,0.01778408854900023,0.3239090941906973,0.15757556091297886,0.44731507388968217,0.002115983012558669,0.06908428799408302
0.0014883186292585916,0.020817654279506288,0.27430461691239266,0.25877746520963735,0.009961155014684564,0.2829183063717951,0.1740384564914903
0.001339415885289681,0.01921344092226892,0.1591685192262449,0.2569934443326851,0.2283999340594201,0.20866411272406052,0.14677398965758928
0.001362310582148505,0.020097909423914626,0.24214894249371813,0.3593787027131435,0.030442890804944795,0.24224644749046365,0.1257830164977298
0.0011570604456228968,0.018758777386878298,0.585867801725347,0.25347764599524014,0.04323634954434382,0.0804864083306677,0.03693179440440139
0.0019105335598514014,0.025098720991313543,0.07642252119756679,0.015459026071611858,0.4053935109497696,0.42454932777254084,0.07817561400851088
0.0014577382805243638,0.02003260738218037,0.15991885756025986,0.13490238121727463,0.11315659204695314,0.25963868792482736,0.3323834812506851
0.0012654435299345565,0.019175917933326903,0.11414848167500583,0.11696386013048904,0.09078828855285653,0.18177070935442985,0.49632866028721884
0.001129601013215154,0.01825226483523789,0.4265838222159275,0.12769115868277348,0.3416845766080757,0.04212568815850912,0.06191475433471428
0.0016851563648312847,0.022338869685111416,0.24762057268656834,0.05877335889611228,0.2949269870865333,0.31532890858899554,0.08335017274179062
0.0014077193638764706,0.021408091692500755,0.16799801179168347,0.47887460830798845,0.049956113394646486,0.2872090662638794,0.01596220024180222
0.0007738502002857328,0.01781674711801847,0.07897118249261129,0.5536309773426661,0.26962278150444374,0.0022612260296749815,0.09551383263060403
0.0013789819789129377,0.019594890055652046,0.22794205904410783,0.2550959550580652,0.16520435696912195,0.22256189217554143,0.12919573675316356
0.0009953003570997727,0.018261107089370756,0.16269230389993225,0.39397984226334404,0.02894582218830764,0.09612310228655067,0.31825892936186534
0.0009048173814699439,0.0175739530215481,0.24729822965535403,0.3933924987737072,0.06658849031258623,0.03758675063232191,0.25513403062603063
0.001107259419339981,0.018170893688986705,0.561243910149525,0.03456515052794217,0.2461026433009829,0.010169470945201908,0.14791882507634804
0.00117217082033343,0.01870345810476287,0.6499436386171586,0.15374025569914276,0.029618541780631332,0.06589949509409923,0.10079806880896816
